Year	AT	BE	BG	CY	CZ	DE	DK	EE	ES	FI	FR	GR	HR	HU	IE	IT	LT	LU	LV	MT	NL	PL	PT	RO	SE	SI	SK	GB	US	JP	CN	CA	KR	BR	IN	MX	RU	AU	CH	TR	TW	NO	ID	ZA	WA	WL	WE	WF	WM
1995	7990000	10186000	8379000	855000	10358000	81139000	5233000	1433000	39787000	5119000	57802000	10746000	4617000	10349000	3592000	57174000	3627000	408000	2508000	377000	15468000	38459000	10091000	22965000	8836000	1991000	5375000	57932000	265164000	126365000	1240921000	29164000	45293000	162020000	963923000	91663000	148227000	17993000	6996000	58486000	21356000	4367000	196934000	41436000	743025000	229461000	80088000	675834000	107326000
1996	8018000	10208000	8292000	873000	10350000	81324000	5255000	1418000	39909000	5137000	58012000	10832000	4575000	10332000	3620000	57065000	3604000	414000	2479000	380000	15563000	38510000	10134000	22806000	8859000	1989000	5385000	58114000	268335000	126644000	1251636000	29458000	45751000	164615000	982365000	93147000	148021000	18189000	7038000	59423000	21489000	4393000	199901000	42241000	757451000	233308000	79599000	693120000	109926000
1997	8033000	10224000	8212000	891000	10338000	81399000	5278000	1410000	40035000	5152000	58221000	10906000	4532000	10308000	3651000	56904000	3580000	420000	2453000	384000	15655000	38545000	10175000	22638000	8869000	1987000	5391000	58307000	271714000	126893000	1261996000	29742000	46196000	167209000	1000900000	94611000	147730000	18387000	7069000	60373000	21608000	4420000	202826000	42987000	771691000	237128000	79052000	710751000	112473000
1998	8041000	10237000	8138000	909000	10323000	81403000	5300000	1406000	40202000	5164000	58444000	10970000	4492000	10280000	3688000	56743000	3555000	426000	2431000	387000	15746000	38564000	10214000	22466000	8871000	1987000	5395000	58510000	275175000	127117000	1271982000	30022000	46621000	169785000	1019484000	96056000	147361000	18587000	7092000	61330000	21722000	4447000	205725000	43682000	785773000	240907000	78464000	728755000	115020000
1999	8051000	10255000	8067000	926000	10306000	81390000	5322000	1404000	40454000	5176000	58704000	11028000	4456000	10249000	3731000	56656000	3529000	431000	2408000	391000	15836000	38568000	10255000	22298000	8873000	1988000	5398000	58716000	278548000	127326000	1281515000	30303000	47017000	172319000	1038058000	97485000	146916000	18788000	7115000	62287000	21839000	4474000	208615000	44339000	799743000	244624000	77862000	747165000	117636000
2000	8069000	10282000	7998000	943000	10289000	81401000	5341000	1399000	40825000	5188000	59015000	11082000	4428000	10221000	3783000	56692000	3502000	436000	2384000	394000	15926000	38557000	10297000	22137000	8882000	1988000	5399000	58923000	281711000	127524000	1290551000	30588000	47379000	174790000	1056576000	98900000	146405000	18991000	7144000	63240000	21967000	4499000	211514000	44968000	813627000	248274000	77273000	766016000	120376000
2001	8098000	10319000	7931000	960000	10271000	81454000	5358000	1392000	41319000	5200000	59384000	11134000	4408000	10193000	3842000	56875000	3474000	440000	2359000	396000	16018000	38530000	10341000	21989000	8898000	1987000	5400000	59124000	284608000	127714000	1299130000	30880000	47706000	177196000	1075000000	100298000	145831000	19195000	7179000	64192000	22109000	4523000	214427000	45571000	827456000	251847000	76705000	785332000	123234000
2002	8134000	10365000	7866000	977000	10252000	81535000	5373000	1383000	41920000	5213000	59803000	11182000	4396000	10167000	3908000	57183000	3445000	444000	2333000	399000	16110000	38489000	10386000	21853000	8921000	1987000	5400000	59326000	287279000	127893000	1307352000	31178000	48000000	179538000	1093317000	101685000	145216000	19401000	7220000	65145000	22262000	4546000	217358000	46151000	841219000	255348000	76157000	805147000	126211000
2003	8176000	10419000	7804000	994000	10239000	81614000	5387000	1373000	42596000	5227000	60252000	11219000	4389000	10141000	3980000	57565000	3414000	447000	2306000	401000	16201000	38442000	10430000	21720000	8951000	1988000	5400000	59561000	289816000	128058000	1315304000	31488000	48261000	181809000	1111523000	103081000	144611000	19624000	7268000	66089000	22420000	4570000	220309000	46719000	854861000	258782000	75643000	825529000	129383000
2004	8217000	10480000	7745000	1010000	10239000	81646000	5403000	1364000	43308000	5242000	60698000	11235000	4384000	10114000	4058000	57948000	3381000	452000	2279000	403000	16287000	38400000	10471000	21578000	8991000	1990000	5399000	59873000	292355000	128204000	1323085000	31815000	48493000	184006000	1129623000	104515000	144081000	19880000	7324000	67011000	22570000	4598000	223286000	47292000	868311000	262163000	75163000	846551000	132839000
2005	8254000	10547000	7687000	1028000	10258000	81603000	5422000	1356000	44019000	5259000	61120000	11225000	4378000	10086000	4141000	58281000	3344000	458000	2252000	405000	16367000	38369000	10508000	21417000	9039000	1995000	5399000	60288000	294994000	128326000	1330776000	32164000	48701000	186127000	1147610000	106005000	143672000	20179000	7387000	67903000	22706000	4632000	226289000	47881000	881525000	265498000	74721000	868273000	136633000
2006	8285000	10619000	7631000	1046000	10299000	81472000	5444000	1349000	44729000	5277000	61509000	11185000	4371000	10056000	4231000	58543000	3303000	466000	2225000	406000	16440000	38354000	10543000	21234000	9096000	2002000	5399000	60821000	297759000	128423000	1338409000	32537000	48880000	188167000	1165486000	107560000	143403000	20526000	7458000	68757000	22824000	4673000	229318000	48489000	894481000	268787000	74325000	890721000	140801000
2007	8314000	10698000	7577000	1064000	10358000	81278000	5470000	1344000	45429000	5298000	61869000	11120000	4362000	10024000	4325000	58748000	3259000	475000	2198000	408000	16507000	38353000	10573000	21034000	9163000	2012000	5399000	61455000	300608000	128494000	1345994000	32931000	49035000	190130000	1183209000	109171000	143266000	20916000	7537000	69582000	22927000	4719000	232374000	49120000	907231000	272030000	73968000	913902000	145291000
2008	8342000	10779000	7524000	1082000	10425000	81066000	5498000	1340000	46069000	5319000	62209000	11040000	4353000	9992000	4416000	58922000	3213000	485000	2171000	409000	16568000	38357000	10595000	20830000	9236000	2023000	5399000	62145000	303486000	128539000	1353569000	33338000	49182000	192030000	1200670000	110815000	143249000	21332000	7623000	70419000	23019000	4771000	235470000	49779000	919903000	275247000	73649000	937845000	149948000
2009	8373000	10860000	7474000	1098000	10488000	80900000	5526000	1336000	46584000	5342000	62543000	10959000	4341000	9959000	4495000	59106000	3167000	497000	2145000	412000	16626000	38352000	10604000	20638000	9313000	2034000	5401000	62829000	306308000	128555000	1361169000	33746000	49347000	193887000	1217726000	112464000	143327000	21751000	7714000	71321000	23105000	4827000	238621000	50477000	932678000	278455000	73350000	962569000	154567000
2010	8410000	10939000	7425000	1113000	10537000	80827000	5555000	1332000	46931000	5366000	62880000	10888000	4328000	9927000	4554000	59325000	3124000	508000	2119000	414000	16683000	38330000	10596000	20472000	9390000	2043000	5404000	63460000	309011000	128542000	1368811000	34148000	49546000	195714000	1234281000	114093000	143479000	22155000	7809000	72327000	23188000	4886000	241834000	51217000	945684000	281673000	73068000	988087000	158987000
2011	8454000	11014000	7379000	1125000	10567000	80856000	5583000	1328000	47084000	5390000	63222000	10829000	4313000	9896000	4591000	59589000	3083000	519000	2094000	418000	16738000	38287000	10569000	20337000	9467000	2051000	5409000	64022000	311584000	128499000	1376498000	34539000	49786000	197515000	1250288000	115695000	143703000	22538000	7907000	73443000	23269000	4948000	245116000	52004000	958959000	284913000	72795000	1014406000	163168000
2012	8502000	11085000	7334000	1135000	10581000	80973000	5611000	1323000	47063000	5415000	63564000	10781000	4296000	9864000	4608000	59879000	3046000	531000	2069000	422000	16792000	38227000	10526000	20227000	9543000	2058000	5415000	64525000	314044000	128424000	1384206000	34922000	50061000	199287000	1265780000	117274000	143994000	22904000	8008000	74651000	23347000	5014000	248452000	52833000	972467000	288165000	72534000	1041510000	167139000
2013	8556000	11154000	7290000	1144000	10587000	81174000	5638000	1319000	46931000	5439000	63894000	10741000	4277000	9834000	4615000	60167000	3009000	543000	2045000	426000	16844000	38158000	10473000	20133000	9618000	2063000	5422000	64984000	316401000	128314000	1391883000	35297000	50346000	201036000	1280842000	118827000	144325000	23255000	8109000	75925000	23422000	5079000	251805000	53687000	986183000	291407000	72273000	1069358000	170908000
2014	8615000	11221000	7246000	1152000	10591000	81450000	5664000	1316000	46778000	5461000	64194000	10701000	4256000	9805000	4627000	60410000	2971000	555000	2021000	430000	16893000	38091000	10418000	20036000	9692000	2067000	5429000	65423000	318673000	128169000	1399454000	35664000	50608000	202764000	1295601000	120355000	144665000	23596000	8206000	77229000	23492000	5142000	255128000	54544000	1000042000	294604000	72015000	1097890000	174507000
2015	8679000	11288000	7200000	1161000	10601000	81787000	5689000	1315000	46672000	5481000	64453000	10660000	4233000	9778000	4652000	60578000	2932000	567000	1998000	434000	16938000	38034000	10368000	19925000	9765000	2071000	5436000	65860000	320878000	127985000	1406848000	36027000	50823000	204472000	1310152000	121858000	144985000	23932000	8297000	78529000	23557000	5200000	258383000	55386000	1013996000	297730000	71747000	1127053000	177968000
2016	8747000	11354000	7152000	1170000	10619000	82194000	5711000	1317000	46634000	5498000	64668000	10615000	4209000	9753000	4696000	60663000	2890000	579000	1974000	436000	16981000	37989000	10326000	19796000	9836000	2074000	5442000	66298000	323016000	127763000	1414049000	36383000	50983000	206163000	1324517000	123333000	145275000	24263000	8380000	79828000	23618000	5251000	261556000	56208000	1028031000	300775000	71470000	1156833000	181266000
2017	8820000	11420000	7102000	1180000	10641000	82658000	5732000	1319000	46647000	5511000	64843000	10569000	4183000	9730000	4753000	60674000	2845000	592000	1951000	438000	17021000	37953000	10289000	19654000	9905000	2076000	5448000	66727000	325085000	127503000	1421022000	36732000	51096000	207834000	1338677000	124777000	145530000	24585000	8456000	81116000	23675000	5296000	264651000	57010000	1042135000	303747000	71184000	1187212000	184408000
2018	8891000	11482000	7052000	1189000	10666000	83124000	5752000	1323000	46693000	5523000	64991000	10522000	4156000	9708000	4819000	60627000	2801000	604000	1928000	439000	17060000	37922000	10256000	19506000	9972000	2078000	5453000	67142000	327096000	127202000	1427648000	37075000	51172000	209469000	1352642000	126191000	145734000	24898000	8526000	82340000	23726000	5338000	267671000	57793000	1056248000	306682000	70878000	1218128000	187503000
2019	8955000	11539000	7000000	1199000	10689000	83517000	5772000	1326000	46737000	5532000	65130000	10473000	4130000	9685000	4882000	60550000	2760000	616000	1907000	440000	17097000	37888000	10226000	19365000	10036000	2079000	5457000	67530000	329065000	126860000	1433784000	37411000	51225000	211050000	1366418000	127576000	145872000	25203000	8591000	83430000	23774000	5379000	270626000	58558000	1070285000	309620000	70566000	1249506000	190696000
2020	9006000	11590000	6948000	1207000	10709000	83784000	5792000	1327000	46755000	5541000	65274000	10423000	4105000	9660000	4938000	60462000	2722000	626000	1886000	442000	17135000	37847000	10197000	19238000	10099000	2079000	5460000	67886000	331003000	126476000	1439324000	37742000	51269000	212559000	1380004000	128933000	145934000	25500000	8655000	84339000	23817000	5421000	273524000	59309000	1084182000	312595000	70235000	1281289000	194091000
2021	9043000	11632000	6897000	1216000	10725000	83900000	5813000	1325000	46745000	5548000	65426000	10371000	4082000	9634000	4983000	60367000	2690000	635000	1867000	443000	17173000	37797000	10168000	19128000	10160000	2079000	5461000	68207000	332915000	126051000	1444216000	38068000	51305000	213993000	1393409000	130262000	145912000	25788000	8715000	85043000	23855000	5466000	276362000	60042000	1097906000	315614000	69894000	1313444000	197729000
2022	9067000	11668000	6845000	1223000	10737000	83884000	5835000	1322000	46719000	5555000	65585000	10317000	4059000	9606000	5020000	60263000	2662000	642000	1849000	444000	17211000	37740000	10141000	19031000	10219000	2078000	5460000	68498000	334805000	125585000	1448471000	38388000	51330000	215354000	1406632000	131563000	145806000	26069000	8774000	85562000	23889000	5511000	279135000	60756000	1111440000	318659000	69536000	1345973000	201575000
